2.9522507656723267 0.7606639082381644  15
4.647653128128686 0.06318937882773126  30
6.286425044122713 0.6810869659041127  23
9.41085547617949 0.3754584058935331  40
1.86746728218024 0.3615908851948313  15
5.087930177715362 0.4056119194203292  22
7.641142980638656 0.40717175531533545  30
2.8855865642924767 0.20316031611325147  23
2.935217917797318 0.05380331235795444  31
7.961907982678313 0.17677994659444957  40
9.387505607173095 0.23592513882893063  40
9.051620455486923 0.5441474440428093  40
5.295875336355538 0.5472525533295356  23
8.742233493581328 0.5852140933002231  32
8.050548077062507 0.6423892637053789  32
1.378350689054398 0.836332520225188  4
6.744574174125365 0.7676344579200635  22
8.884452405905757 0.4701946573110777  32
8.887276780079958 0.8992844487027088  40
2.0369890340914356 0.05364856540421445  15
7.158782197015621 0.13106062945882224  40
9.482405322756637 0.7112600912892754  40
3.904736599691547 0.5019410589410607  22
2.8520985127188494 0.09523100110763799  31
4.4674011583721605 0.6188756892408831  23
2.220287362336168 0.7788349930920352  6
9.864422611676432 0.775293524331798  40
3.885987784826291 0.2543609635164747  22
8.139704645298362 0.1400086026457687  40
5.316856398715824 0.4786602969212525  23
8.223556087152296 0.8955572389164014  23
7.108067654760991 0.38544016696194344  30
6.796419776761954 0.6331590085262604  31
9.698093843177714 0.4614049180340807  40
5.852344902125598 0.4431773677200608  24
6.270292483172543 0.8892109826274468  23
10.114742176240437 0.3318872234737949  40
5.251127749407599 0.04516740750359794  31
4.937128578869393 0.6390699479862549  23
2.86164157298695 0.0603323499576804  31
8.867710105368388 0.8260555215999494  24
1.6206032078657193 0.6000773097060221  5
8.49166105964695 0.6514647243191227  23
1.950588892315471 0.1579762222069748  15
1.2892135439240162 0.15548849652411406  14
9.794564308578785 0.3519321915162794  40
7.366429385789372 0.14478772529681305  40
2.8729331758474346 0.8229540638963112  15
1.8982866281346489 0.7716973253658512  5
8.551710400725366 0.8362849444877315  23
5.800118931216437 0.43517285799073235  24
1.242103193573788 0.335751653537101  16
5.838481122444425 0.8170980609553856  16
3.723499637093004 0.8395769990893971  14
7.608032001902731 0.8981354914046903  22
2.389942697144732 0.30480718763986386  16
7.670956511022209 0.33233995056769006  32
4.882857210895292 0.15410772272830783  30
3.687687358929187 0.8736706684120927  14
6.255084226153452 0.6998743095258428  23
9.720186511228261 0.16872657516757228  40
8.68618135255822 0.4078912776085889  32
1.6053423446436883 0.808659466259451  5
2.0108812102731943 0.14025868513064457  15
7.018608497459721 0.11172071312455067  40
5.642556760251865 0.7335621244407856  15
2.8904411979825855 0.8652730491852605  15
8.72479713625354 0.5482377149211741  32
6.0066291415636925 0.8353848205414862  24
3.4076664539214745 0.6112972079489821  22
4.975942476975735 0.13052099125638997  30
9.231067973699208 0.8242646938429515  40
2.1521231905060976 0.47578013332064634  16
9.983624812606376 0.09272943639362916  40
3.8819907294675176 0.06455420477762819  30
4.998331861515288 0.287616629796298  22
7.531956708998818 0.7771331427420027  22
4.052357061099576 0.6308452862799774  23
5.488755940353904 0.41630708829913876  23
9.843716759175011 0.6566331142033142  40
1.095939368760765 0.10554108331521236  14
10.285944833366173 0.6209434261570517  40
10.281684956600847 0.4331841030340921  40
5.089121995790388 0.39374654473511994  22
7.117622556098772 0.8630539175341027  22
2.3337109778356826 0.07754065036530092  16
3.4532244118056545 0.29690145191119904  22
5.874121194487587 0.8652075466329047  16
6.560534600482764 0.44476782662173076  30
7.854808809490358 0.08990417466452288  40
8.619593318333429 0.6243322992707296  32
7.952916032810137 0.3663906155247625  31
1.853203379452991 0.19503066760124838  15
4.383202883127831 0.3901010117362937  22
8.033977661972116 0.8122360770804739  22
9.077023607744886 0.2780902604072531  40
7.871768604505476 0.41116096937197105  30
4.910822140564289 0.45675658706894456  22
5.376950954783433 0.5758156107506479  23
4.197131587631521 0.29556630823525104  22
7.844130830387586 0.8569092646297161  22
3.7808313971824314 0.2316572405271957  22
7.687350442685612 0.4127149784229332  30
10.235026154635772 0.3958143392464116  40
6.98221591607803 0.43570750107868117  30
1.489632198430376 0.6424685931739358  6
2.894345864835535 0.45347539713617935  23
8.446158511581514 0.1652287212946606  40
5.310744229030939 0.7759065365793096  15
7.621294425864372 0.8645882930733557  22
6.286503357832199 0.4956824497613795  31
6.2156745553669 0.5418032820688241  31
8.050295290454223 0.04686922285676204  40
8.878052300394419 0.26576373126707986  40
1.4619051152660698 0.686516020631085  4
7.585125537591596 0.354118117070868  31
7.53409243771351 0.11689588753741043  40
4.102446692472916 0.611671005120273  22
8.00937484393959 0.5082764250111496  30
4.344759614653697 0.6685851448328151  15
8.607838042382804 0.4380493191000038  32
1.1783897556550726 0.7421393384556814  4
7.733754155222807 0.4276639092620912  30
2.7156013564126495 0.7666860606712923  16
7.405838429325415 0.6936627928363891  22
1.2662070708632462 0.7396288726879777  4
7.277424517378076 0.11606278881428259  40
4.766993760506978 0.12529040576525238  30
3.3473305488398197 0.6642505179455637  15
4.3047368755362 0.7695753658549301  14
4.953020407525987 0.5029029591618184  22
3.1625121651111616 0.5820139916023956  22
5.894914206995624 0.5322235777799724  24
3.028839462011704 0.0493444132536599  31
2.2204991528927516 0.7688789958551367  6
1.16789352825375 0.0887746137948375  14
5.335598868601796 0.5219504051480635  23
1.4190045383010457 0.7411168444213038  4
1.2380850180490177 0.156102888758772  14
5.315980734928371 0.587531164268468  23
6.8665246121310055 0.44063355883697863  30
9.912704858586165 0.7587102591087077  40
8.660945573774502 0.821036473934249  24
3.5743384753611736 0.5426447833762895  22
3.0222272851265175 0.7562318522080091  15
4.201269228111634 0.31452873646674356  23
1.3130914914356948 0.81336071190543  4
9.978575191145456 0.5103171635147352  40
6.034449709145475 0.8864625432396254  24
10.13272737826795 0.18725313893424533  40
3.1033794793347944 0.23478740101095616  23
6.239698576015678 0.2898390540162874  40
5.882676583992469 0.18677679557993634  24
9.899063931811437 0.14320061351957059  40
6.09324479750152 0.298802744969101  40
3.6607259404304715 0.4248496098761486  22
6.293640053182515 0.05201019579013489  40
7.208522506065959 0.422712671035619  30
1.0702181717148562 0.5838350381064862  4
5.246590113649754 0.5780817992020435  23
10.227890747162578 0.5927902451039578  40
5.808247001319618 0.5952392362714389  24
7.999501326225533 0.3398074703373517  32
10.216346165392547 0.6629499201925387  40
8.353401230608391 0.7217954807562154  23
6.697476701481477 0.5248572086845888  30
1.4803506887892686 0.2599160717875741  14
7.838101905202304 0.890405787836211  22
7.0485380563602185 0.6156263163594994  31
5.7425648444093875 0.48216136877588167  24
5.707365843309035 0.6537137421218006  16
2.8417868303984197 0.8528124246376257  15
8.158956342855573 0.6866602445619079  22
7.639953607804231 0.8582921601236861  22
3.660845141788514 0.8243595150755922  14
3.7769997440511567 0.33227677850780923  24
8.7927734793416 0.2890442967294403  40
1.0030135438889132 0.7490369560894329  4
5.667009134928571 0.4502248207506989  24
7.423519112747388 0.15360856831800274  40
3.7627804822184685 0.84929527274322  14
6.9650386225644265 0.2329179089588187  40
5.184174723144575 0.3139460720023128  23
3.0264679977863946 0.814903568764489  15
7.685191264580338 0.18797783725848774  40
4.499838472468582 0.4947042108227685  22
3.4720051843738924 0.0843804780511357  30
4.334719908581663 0.5985449891777469  22
4.484844528847033 0.5820820248244526  22
3.017673699647052 0.5328718933090407  23
8.518706607665898 0.25051728162719267  40
5.611235961940271 0.8119600409421324  15
3.881906000800431 0.6734191170655517  15
9.210207004493167 0.7142550394953714  40
7.430090207171686 0.4580169422744932  30
10.114296364292594 0.6285360832863129  40
4.515660110297363 0.5674573777120515  22
6.476233855810912 0.3693803290242381  31
5.081397412244508 0.062181748100335624  30
1.0122665783396745 0.1488374958851049  14
3.4663119127585893 0.5682156717896937  22
8.794521680686254 0.45307085889026794  32
2.377955869926887 0.16203435410980147  16
5.0621540184435325 0.4440799488624744  22
9.381603678798138 0.79712036048747  40
2.291513014427453 0.313507458877178  16
2.553735801530728 0.27303941811317956  24
7.407299184748003 0.42553603920386734  30
9.820444294651667 0.3449066868988301  40
6.422689861761696 0.8274366169108772  23
4.045794286817252 0.6141988047435016  23
4.63715850441468 0.3306942671402713  24
4.717613348248733 0.11849355742622322  30
6.968214978542512 0.7297108818422563  22
3.3751421715695074 0.6929535039102741  14
10.134700830819117 0.8347695905064485  40
8.078694143318273 0.8625493827311913  22
4.294518013162801 0.757515674621546  14
9.279445536530467 0.08915775056843644  40
4.8013696947653095 0.4202994779522237  22
4.690453793696506 0.30999166709489695  23
6.207765134566015 0.3213933064468794  40
1.160801308776638 0.38613907401538416  14
3.2599527038592844 0.6837104927654369  14
5.78870285276312 0.807553150749322  16
9.190415685095266 0.5877325447084809  40
9.781917478764099 0.3898067469104392  40
2.219867913802721 0.06912855073503354  16
2.5714626153409648 0.7875404328366068  16
6.7132971453232475 0.25316920490096817  40
9.385273299301309 0.35925832896606136  40
4.7709980362195905 0.4896580905557971  22
9.934013089286438 0.19474148992276422  40
4.699737061031149 0.8103646066595157  14
6.360638634370001 0.34301408608688216  32
8.59304996992745 0.20346377475800434  40
5.630828762569982 0.438186142261624  23
2.2647592814790913 0.2846628160536578  16
7.907234933260941 0.7527318923410227  22
7.5235610885196715 0.2765903662077852  40
4.332254073032406 0.07924747083707794  30
6.441527562825527 0.20758535203653375  40
7.12752779642925 0.48801585803178227  30
5.195846554403905 0.7134186786104921  14
7.051043704986543 0.8837515434511352  22
3.408809504471313 0.6646875532180538  15
3.5233909831489667 0.5710747793872498  22
1.262572683649112 0.28799308628531034  14
10.268782812079843 0.22617590765208073  40
7.686973884376129 0.05700737742253706  40
8.853702630971434 0.3985566649107486  32
9.929254524368062 0.5730678902539368  40
5.865383535925917 0.39714979423662145  24
10.016420317537019 0.49279018617006753  40
7.701704019395322 0.47644982364997307  30
7.377330823249955 0.44582140921335695  30
3.3597484055607105 0.4211785778882364  22
4.693977359196635 0.8160904913278142  14
9.821973192182833 0.48193151288039354  40
10.153409292376084 0.8863677404014454  40
1.3395494242858406 0.6254833245281632  5
6.289280250523585 0.37955576923262535  31
7.962721815229441 0.2511349843474277  40
10.066780927305455 0.25492987459653793  40
9.4184696655161 0.406227250226545  40
4.045741062139574 0.7499804039313566  14
3.1618031067567727 0.2702050500048639  22
2.859400394347252 0.1309604742549993  31
8.412005193307007 0.5695188187284986  31
7.75497760229791 0.8797544585633871  22
1.1944361688181337 0.8078044194571636  4
4.401155756169367 0.81446421915677  14
7.933492885999599 0.21383899486995842  40
2.0534277361048527 0.2968140790214205  15
6.865756967960811 0.6792444945223515  23
6.2061466395190275 0.5548400289998752  31
4.277710897444914 0.2316447289947178  22
6.637654663774986 0.094742258497029  40
8.414765848728763 0.2985061326893859  40
9.102403924326545 0.8930157861448477  40
8.815848644448032 0.840253810349277  24
7.296572606402292 0.6037493477603145  30
8.09461343195808 0.7021763724036512  22
3.208267617082763 0.7364730498149091  14
8.754078560605628 0.6544266135633888  32
7.004466868740635 0.7446602129222928  22
6.239460240154153 0.6656011751198833  23
9.666316086543262 0.454603718929395  40
6.755852890290566 0.13660679951897214  40
6.1723712939151785 0.4563000163728073  31
5.245232994841172 0.4422714190377768  23
2.878223333628881 0.16402722957197238  31
9.609391964785566 0.5070021643891245  40
7.254059046586314 0.07454795372804643  40
8.406853831397573 0.879833906585787  23
7.980972878754784 0.8247456512812539  22
5.481934666164203 0.6698779785017165  15
1.2030973841605968 0.7119369494303611  4
3.911101149645443 0.5790617944896799  22
5.265033826010288 0.6943848276765537  15
2.5593282973434395 0.681644892915113  16
4.948134138519023 0.41439319343060016  22
3.938412638485175 0.07899310385655127  30
1.979211620072536 0.8476550949196521  5
2.955491314867449 0.28615198054715557  23
1.4929630393284143 0.770652820361229  4
2.1452809682162406 0.48730935316552876  16
3.099120028306613 0.39869661498493825  23
7.276301553496089 0.5863005698623388  30
7.645867089852084 0.7705001869352155  22
1.987554296727223 0.29716115140139115  15
6.453229615191603 0.18591531786114002  40
2.2643157772005815 0.713152614680073  6
7.369585444991014 0.794437365394195  22
2.986142731916325 0.8882149454085662  15
3.6592490784864236 0.8198455221187233  14
10.248940395449017 0.18360698838733003  40
5.336870673009697 0.21315917185596625  23
7.364194615514796 0.8810380338563358  22
6.922043081424694 0.8353143895730374  22
3.197360268692394 0.4255182730261122  22
5.630610966475186 0.5237841057917749  23
7.743606932058485 0.8263965561416248  22
1.3357303685404265 0.8805713230384458  4
4.838124414235137 0.4484000246174583  22
3.591408832916894 0.2853653190955077  22
8.822878555156258 0.561025933868341  32
7.254774293048801 0.6719582834105063  23
2.207641045489436 0.2165517275584401  16
5.374662761561819 0.1857252387895916  24
8.817672031897407 0.34716145858499325  32
1.03062640447556 0.10272504305808752  14
4.966645570632842 0.4357126622879501  22
3.8962781767612427 0.409100316131292  22
4.505042218269532 0.20759657308018517  22
8.6038369643821 0.21487557022057793  40
9.22559327199205 0.44161462320755185  40
9.28292881442195 0.26702682599278105  40
10.181598558513679 0.18539242639855485  40
2.2556800195197835 0.4879545029514687  16
7.654772460436505 0.3888736698511731  30
7.1394210862939955 0.8299282729616667  22
8.128111905557166 0.7701445252743085  22
1.1621287074932194 0.6727496104419546  5
8.667186545574467 0.8373860325321982  24
2.1513550339873397 0.30891602537183555  16
3.152312276039362 0.6451349014659661  16
2.4624515875375885 0.35604999300053697  16
3.7033762170639495 0.4072232056710083  22
8.9110815240136 0.28416765610597394  40
3.6614445292233526 0.6131109113725219  22
2.913728982317197 0.5197344198953441  23
4.802324688336389 0.6632789288669604  15
4.296298521186987 0.5802267938144835  22
5.986756994293643 0.07916540868407841  40
4.387964072147966 0.4494051646431785  22
10.002199152073825 0.6456155639072698  40
1.4267445651552788 0.21381846509040212  14
9.52841345290573 0.7381301189294593  40
1.6066197175378707 0.575992199292089  5
9.548167937618432 0.753533674517758  40
4.921805282427146 0.2824612366191574  22
3.0454276803109246 0.7288158811150506  15
3.0347071432898964 0.42657263914765836  23
1.5038683575417422 0.7180823833916489  4
6.488070740079728 0.2077521276932405  40
4.805576069492015 0.6197552016064831  23
4.118534078395099 0.633882347740616  23
1.232553235985866 0.5906629157587949  4
3.255177795953308 0.2900035691454729  22
5.743551128286103 0.34843792120823125  24
2.9184045066066746 0.7105825569849287  15
4.29960390888048 0.13678692735320014  30
9.564507702893065 0.8594268804221945  40
3.778671152014809 0.1937557847071022  23
7.218065136476172 0.5012487084331749  30
8.330363440899102 0.2897188186259782  40
3.200383297951009 0.4563788576195877  22
10.07874293184058 0.7407296291652573  40
4.046983860521227 0.34613567525705147  24
1.3069109023190415 0.5498267850277114  4
6.226778881168435 0.7670000238207122  23
7.5363812362159 0.891559214051843  22
9.24816732532242 0.6451741689649539  40
9.568380269427477 0.48122581618621574  40
5.132879323863651 0.3784847036182011  23
10.223769264539436 0.6172725828212069  40
1.169729191213963 0.403430297066858  14
9.381865590418402 0.570974809722965  40
4.5653439523472255 0.4562813367770862  22
4.894888807221583 0.06382722008011761  30
9.544913671163174 0.2684824753730189  40
6.153164524464051 0.535678515857885  31
1.6739229464851915 0.5680031095052643  5
8.305992983110738 0.6401677440276474  31
6.115897652936179 0.6429139360435059  32
2.9709626011890795 0.4637251889265395  23
1.7407480911336455 0.8664978127446137  5
2.459348995101358 0.365702049707979  16
5.493366490105879 0.25968677795603534  23
3.3948501025199818 0.28834087527956537  22
10.300602544995101 0.36693457984010236  40
2.4638460997310805 0.6448242675848577  6
7.732889668262785 0.12179271582958157  40
7.245196484597846 0.22101466893056032  40
1.8822252563479678 0.7981646650420995  5
5.1719325320358935 0.8205200233914812  14
5.833111910673152 0.6762819730007226  16
3.455665524855876 0.30938966770915327  23
4.945308237020498 0.5074327292196809  22
2.179512541548979 0.5495089409890398  6
7.458256391914884 0.2820373193367289  40
1.3871910718687095 0.3166681999173349  15
5.387836399873216 0.07374689977988744  31
7.856428632455924 0.2075737724771268  40
2.6702723048249895 0.7296394927888092  16
1.188139879029752 0.45156505423521703  14
2.1517935418392784 0.2989584259570343  16
9.266961426827747 0.5911518420500674  40
3.564598230058044 0.6383111375585937  23
9.119732119641622 0.6073798255004796  40
5.032573190837078 0.6538726497195754  15
9.589648360972465 0.5163945124308659  40
10.294527084026718 0.07245500093757773  40
10.278913394703395 0.5144013371700616  40
6.4802987474039115 0.3481956778636271  32
3.5384084761031613 0.0726021302028747  30
6.937450995798881 0.6836022727691341  22
9.063150264546477 0.06742367982893904  40
8.595740690644224 0.3395549386911911  32
3.265277648597881 0.6661780339247892  15
4.921859954496432 0.6915990546112709  14
4.0835797340721625 0.6134580177478594  22
3.7266579573985923 0.502529033364092  22
9.847432074943152 0.7688167223084273  40
5.5137413321035025 0.06854386879114048  31
8.27662441680712 0.5288094140814907  31
6.526091255994434 0.6452372870060806  24
8.748653292399139 0.7251558287277552  24
8.372395188872254 0.3074510836917634  40
5.1980256819970485 0.6988936200120204  14
9.394995228492885 0.08034127658580816  40
9.053000876375618 0.8036807440948175  40
7.6935040465069084 0.10755426532488077  40
4.002293594581339 0.6086850530168426  22
3.355170763009967 0.46161173232657665  22
9.487863962281635 0.8805057906932813  40
1.46934006913049 0.875104188341995  4
4.388285044971465 0.35467787742960016  23
8.209605538873692 0.7148519322368972  23
2.886080735247286 0.3070784922545157  23
6.7782106241441635 0.6109325501091214  30
2.1292581499910446 0.10868370778606465  16
3.304666537700701 0.8446332968977289  14
7.044880269652219 0.13425183124420678  40
10.086861484324476 0.6301145380535085  40
2.840149625723037 0.6991369183589722  15
5.244643344589333 0.46637134482430104  23
8.397536486200895 0.5786703695138462  31
3.668387220287843 0.8650125769395024  14
5.933446269917783 0.8002344320596012  24
4.719264327102858 0.6837368758988823  14
7.999371627763456 0.2878728349351825  40
7.84431207905574 0.08586955589809556  40
4.435010979009809 0.10514475486973096  30
7.718711382619398 0.3307027108485276  32
5.2568779011487035 0.43716159561135187  23
6.487944797623067 0.5847638058546882  31
8.00608178732405 0.6634555987949698  23
2.8037452352139596 0.5274553851930374  23
8.22247990057012 0.8855220238105722  23
2.242224578379483 0.7959743627234062  6
7.602316801266496 0.10445718607172699  40
7.4767080022837495 0.3779051726062645  31
3.3842839491898355 0.4190499047771176  22
4.716596795947588 0.4914611010455663  22
1.5134764317419376 0.2513700703720069  14
1.0869968217806627 0.5966786997137113  4
2.5249799844232346 0.8581653060134683  16
4.342399782490011 0.18697469327241548  24
2.7546404960906576 0.4501004228592587  24
1.0739057142331978 0.33166041881964986  16
5.445839614186209 0.6582687874388877  15
1.4749103112743545 0.16215022646337635  15
4.014115850683433 0.5179223010191739  22
3.081934663952769 0.7539245996593312  15
9.144344218154442 0.8347125214647899  40
6.105809308468726 0.8629754113922196  24
5.343052716347376 0.8037614750041514  15
6.9898237697750085 0.5443105992200896  30
4.449227036601073 0.1637348216273858  31
9.378640897223626 0.5166920837302688  40
2.998957557401346 0.6057574091118914  23
8.592531213270563 0.5485783106914667  32
3.9145053786494577 0.4380914637207835  22
1.526368417542162 0.5840756245347548  4
9.653934590859597 0.7092998966836124  40
1.982676417820418 0.6711602819448971  5
8.750375827132423 0.3657926114271112  32
4.335298760104795 0.6083936240724559  22
1.3540961568097158 0.8956130642703093  4
8.829604414088818 0.20607934610514864  40
6.5148872715889 0.156936197406589  40
8.698670851234521 0.13850183747413772  40
8.150330942093076 0.3686049583411702  31
10.063809627790679 0.8733329523350924  40
4.405631672061897 0.8220003327645682  14
3.332961741580427 0.6411252345363561  24
7.511995786020808 0.4029650675636238  30
4.305721984887886 0.5937655128243261  22
1.7923449687093798 0.24330260134761877  15
2.1043745684150066 0.39457566068056266  16
1.5203493761994609 0.12593053995573314  14
8.758530847776534 0.4910496917151396  32
2.7679613481873497 0.20427236751247713  24
4.417331672797567 0.7287970085337472  14
8.97939837171395 0.7161126441332991  40
4.579192226766391 0.1794533290304354  32
8.990529086583212 0.11137398355321224  40
1.5358496441647007 0.11750676969028731  14
1.4168245702587954 0.2628148109524971  14
2.7763391122016756 0.6682459171926116  16
7.074656987439538 0.4905547499906238  30
4.655247101365456 0.8372475889674893  14
8.807006564901641 0.4758266154287535  32
6.103113289883286 0.18510528416053357  40
3.349172971997261 0.37763942610997947  23
9.780985512625929 0.5698061959034487  40
1.726913797655128 0.11965047413875621  15
3.4797535042243384 0.775347429082483  14
9.34325701041408 0.2634566645985452  40
7.701359697057474 0.7154236471534204  22
3.4923648773997593 0.4327686537710562  22
10.316152553371968 0.44764726859101633  40
7.870335481609746 0.7365757870945667  22
2.852014136235336 0.6867134352869259  15
8.454649804207367 0.2369944946644705  40
5.761337507865486 0.367221644652708  24
9.33077026643343 0.5080300146704355  40
1.2813976260167208 0.13024438050856293  14
3.053185464629763 0.8672229276077732  15
7.972917584406247 0.8440659575400083  22
2.3251066722474034 0.3085335941015564  16
7.454457658072427 0.4772220417945532  30
10.280249312774863 0.7318496696162144  40
4.269053518868163 0.6972544260203255  14
8.573543325243866 0.44750177751318293  32
5.488076441818133 0.049407678955330644  31
4.0180140239798945 0.7020807342962426  14
6.136487969030356 0.1300114225553044  40
7.405880079951442 0.6114806055001047  30
8.119062229020003 0.16662476301660878  40
7.5402212131182615 0.28873250198175804  40
2.152161010201873 0.6451425656259039  6
5.728173200900783 0.6487296744431067  16
4.97427762332592 0.5154902559513014  23
3.9564046082859 0.8518596212264133  14
1.385664154477906 0.07678509595291118  14
6.659172455089123 0.7075968925686043  22
5.024193212963904 0.3041216611437555  22
10.057580207799072 0.12498720317450354  40
1.693237489929765 0.8957731155739511  5
5.566135684854478 0.37365173155735293  23
9.331099441146772 0.7283142522207491  40
7.122398209104888 0.512598352333248  31
9.576752184496762 0.6576577980259202  40
9.846170264010343 0.7705132238964699  40
10.052369272044558 0.18049312141660112  40
5.619029214824005 0.6539669962100171  15
6.294243953585725 0.7419002658538929  23
5.045792658674936 0.42635884673568053  22
8.507529501307118 0.22553584317991  40
10.261276896830127 0.4053156217472212  40
7.072310026580241 0.5761275500421105  30
5.074554518276524 0.7274725085635811  14
8.793913981436326 0.8461576432285108  24
5.619913813901649 0.6807399652308351  15
6.062320806037089 0.33255857960589547  32
7.001842049459916 0.11860594580914768  40
1.231160402663276 0.04525418993757092  14
5.305735698178612 0.5517762682513594  23
9.066574083132046 0.14400966069361656  40
8.127446549774003 0.09014214993263239  40
1.8747948113237085 0.16151293819696264  15
8.319898686816336 0.5015343755385652  31
3.4409796247427837 0.2042631013167793  22
8.267879788052515 0.8450532591126361  23
8.00390234734497 0.07920733051116924  40
5.2583040715716605 0.3185326051608866  23
9.545633608648073 0.8056123928965073  40
10.261908918435424 0.3705863650138419  40
4.436986555908662 0.15977697727209791  31
9.161959342049299 0.7490743746877482  40
4.766080584801674 0.39067663145482934  22
2.7548111326209366 0.793548354233502  16
4.191856855984746 0.6403756900553306  23
7.008740171988154 0.6722018021450545  23
6.672546280789294 0.7901531855309991  22
7.5502443184758965 0.186688728493648  40
4.7734173251800005 0.6194893648561909  23
6.950337356252352 0.3816880219900918  31
6.6068419042778554 0.4502057238931083  30
9.759974387475145 0.36684359724023813  40
4.795658219984741 0.6946203549056749  14
1.88946667704268 0.4531204047173485  15
9.773819637903502 0.6343733977139774  40
7.4225660066876555 0.6233756225231833  31
9.865779234967636 0.16781602993826492  40
6.39005112094118 0.8649451932198857  23
2.0921013239367685 0.5651504092806813  6
4.402835046072824 0.28565540395887445  22
5.91624138994583 0.2079627114815354  24
4.146411263458296 0.3359703850320772  24
7.960928053514072 0.4841413273712973  30
3.5602854576079066 0.17128127789809547  32
2.0215718476461397 0.3870171455878475  15
1.9417164803520863 0.1421341030976722  15
2.228786802912178 0.19119479874083511  16
6.5274221420257845 0.23343844995006155  40
6.591243574971531 0.5968477067620196  30
3.9909990529090527 0.664530271753583  15
2.035956742603932 0.5793547510060076  5
1.6145211418019343 0.2110130637513245  15
7.033888851189347 0.3915852897325419  30
2.90829859739033 0.8710276351009876  15
1.2717059146268466 0.09707674647980172  14
2.502688379525133 0.8445272753897372  16
3.4742853670739247 0.6503377791875555  15
2.2291906366006558 0.5303695215196392  16
6.360763657535431 0.054133833082403285  40
6.956846933834227 0.5415504331418174  30
6.089855407084708 0.15317563399374454  40
1.5094813072378528 0.17846020468125648  16
3.12005251476174 0.09985813472158842  31
9.839052104954687 0.43271116139850857  40
4.638113178734013 0.3613823450081496  23
3.6846757893100244 0.7772888239783157  14
5.42982406883809 0.4136292892400776  23
4.608677712724482 0.10752674719148408  30
2.6860800231171877 0.2550557148402037  24
4.8197057139759565 0.10564464582668881  30
2.056289631646494 0.2121867755438275  15
6.43008137683637 0.8603047904618082  23
8.1688627893315 0.6580326893169787  23
9.745434341049826 0.45926196703275324  40
2.1868542696843254 0.7019386617333883  6
5.230534220695884 0.250065278493368  23
1.471973441732276 0.44248548185049225  14
3.7630564208908783 0.09798164379512803  30
2.086659642708001 0.661370557650973  6
1.728996710782444 0.6229228790209423  5
3.3701114354032087 0.7836117901312313  14
3.315518134862946 0.3428768955727174  24
9.970810589185175 0.6829857818237193  40
10.007757549177958 0.15980221223252536  40
4.647879155907867 0.1240381526088101  30
1.9766285978069682 0.4997157690008838  15
7.75604777244969 0.7883596525690295  22
8.737552945989336 0.3315396048357867  32
9.471920240618367 0.8574415698458547  40
1.5192982394094159 0.4218846343162059  14
1.6342973878139506 0.7652949189955218  5
1.4122352897341695 0.11704482328288832  14
5.457635815915554 0.06703490553125065  31
2.018618231273182 0.7986750492804628  5
2.663739269720505 0.5621084654363784  24
2.0921364174421946 0.8301607980522246  6
4.719875602658378 0.13543081317732272  30
8.788037021823776 0.5411697240900092  32
4.09836924492325 0.797209015271499  14
9.050258420603324 0.2334837163464453  40
2.3920022019943596 0.8552047613034541  6
1.3172197513336539 0.2140054593188882  14
9.931077482854208 0.7702844947726651  40
8.616966751348155 0.6562533694371777  24
2.014395734423946 0.2063881345060954  15
5.0017328458619845 0.10258281408197037  30
8.622972889801215 0.46194244477308805  32
6.739802218972986 0.3028746394807685  40
2.0460124975239475 0.8209727723148195  5
4.789169373297089 0.5504111918046041  22
2.9380118349782833 0.6902958969024771  15
3.4275942841826716 0.3956611983816013  22
7.9907178612612535 0.8754066472557688  22
6.850285657397621 0.5242516426932916  30
9.664729624455322 0.04977658453086184  40
2.2962102497604855 0.2124455398503391  16
9.648265495584427 0.24256990100385822  40
5.336923033330299 0.42099134140029104  23
6.816586939368647 0.5804835475941122  30
8.931122594785379 0.29949892610871315  40
1.9017281403997142 0.2753987254141402  15
4.865133982589537 0.39690482538553107  22
7.683967989866889 0.8299690817476191  22
3.945633809118814 0.13679429527718118  30
4.796080981637415 0.287032355812563  22
1.6197445981207246 0.366036011834281  15
2.149099963312084 0.14301498017564931  16
6.4027367844833405 0.6860738543538907  23
3.476770431021756 0.4953660774403212  22
7.652266447296815 0.4850314780763897  30
7.498917770896836 0.5699391487393418  30
3.570959494944194 0.8220523334128325  14
9.669369217762423 0.3644756649873871  40
7.642885777491977 0.653633790205615  23
2.865692849500401 0.14812940715518105  31
9.121910694508633 0.8374630735817505  40
3.7431980818376673 0.8794298600282883  14
2.0020498340757227 0.4252692785274343  15
8.852827012974632 0.4241711587603982  32
2.124449578942823 0.0965182442210561  16
5.105839979841921 0.7171329582654419  14
1.9977648188965043 0.5998247300123524  5
9.027889129283027 0.3667264971189516  40
4.85453566799014 0.08733857685892019  30
2.718146237989518 0.5483630709007659  24
6.480457913831632 0.7022011225859099  23
8.273117061836867 0.5732881268375708  31
3.2613835724695424 0.5999946720672035  22
3.3083094225286254 0.5785046415550043  22
10.186278482753172 0.10680823647927748  40
2.8720854704716547 0.25591944500674063  23
9.813347483418879 0.10900373551746134  40
6.9452364378380365 0.7962123149296876  22
6.330493568406875 0.8995541125515002  23
1.8920255545371039 0.24191824212744237  15
8.42092020358388 0.7044400008255932  23
6.006046511110085 0.3232978786299201  40
2.719014200916038 0.8593376467096824  16
9.382818342635636 0.6700917000036455  40
1.0565956489786217 0.6693029906204244  5
5.123658703873285 0.5865241805830694  22
7.177037011461142 0.4816393224951656  30
5.287304842752219 0.11619862325716346  31
5.046226152614575 0.7562637752264536  14
2.7626729083595114 0.8422486958664684  16
4.156378956400209 0.2993520392250094  22
7.126256590735683 0.04477894606757002  40
7.675960411488641 0.26744144126152725  40
9.553661573562842 0.0831314499638971  40
8.143482038036257 0.6340763998802572  31
6.810567279914684 0.5921760314214405  30
2.3978707805723056 0.09000721194676789  16
6.610237438187954 0.07756008384751797  40
8.221751430259847 0.8668874752436756  23
6.710526924283306 0.8075167805530975  22
9.859675050710734 0.7679246110905715  40
9.095082854938674 0.6820555444386905  40
10.251908213471378 0.8740079110928171  40
2.0745759716123597 0.7036855246760333  6
9.792960412111567 0.07579837332971452  40
5.6919136671339565 0.2606112258401764  24
2.3346156561802527 0.4741038493824861  16
3.7467930458289205 0.1426186625547408  30
5.941481007571293 0.677517525090775  24
2.1082832906137154 0.26338031495597664  16
4.599891631364655 0.24130607339744709  22
7.660855827962074 0.21620513429490662  40
7.877001042757097 0.399783622420614  30
7.577483737317642 0.6520767037550137  23
4.976682206362598 0.7837520379495159  14
3.8877039544771383 0.3196315041325923  23
7.4263554372050065 0.6567854612608678  23
1.730258986112743 0.5874646836512194  5
2.777019777738243 0.14739168011041967  32
1.6392124976818336 0.28970155986591367  15
10.282311173290328 0.2642853824307349  40
9.433469842331494 0.7280674037126181  40
5.232339558628282 0.5532581085987182  23
9.82802110919538 0.674938361495678  40
4.119412983458707 0.06446542606601216  30
6.773370188560286 0.6896947534645824  22
7.238488589490368 0.7216268766370115  22
6.66550490313818 0.28255731773911663  40
7.379262682569866 0.6051821049900478  30
7.891665200056655 0.36859790101199447  31
9.006510891902222 0.33682455397198446  40
8.410914584113241 0.48220717223851073  31
8.668121621570883 0.6053347680383152  32
8.13885021891901 0.18632641368874958  40
6.752663895088793 0.7319508357970843  22
8.224393078554897 0.23811112312061591  40
9.230754935480189 0.13896125005784646  40
1.6213733541291468 0.5409095361869836  5
8.002152604694668 0.2890088785016585  40
6.64244330863945 0.384769322932245  30
7.352116806294437 0.17527720280198983  40
2.4217378297966614 0.4318274258977509  16
5.993922360582315 0.29579149240354297  40
8.08516467128553 0.7759090481922823  22
5.380441103108479 0.8968702070690545  15
8.485702372264829 0.7716443561303966  23
6.110023457446436 0.3997085984536214  32
5.874542471050886 0.07622041049529947  32
2.1191530485147654 0.6221060093181671  6
3.868464890201813 0.1885478217124832  24
4.322398582566529 0.3924857943297334  22
2.574550142976409 0.815867090053698  16
2.009812205893322 0.5361170128433607  5
2.797836366698169 0.0518787183983405  31
3.39785557874303 0.5753139678716152  22
5.210463764837264 0.49534086703429825  22
9.138010603445245 0.6398060771345349  40
3.035240071801274 0.2798501996246212  23
4.307164890169874 0.28329180146293814  22
6.4606661108281696 0.8863626987850827  23
4.556286928553448 0.4698274349332261  22
10.27274413147827 0.35053272452172474  40
9.07613619043217 0.8314446537263627  40
2.2871923818514226 0.5861568313114262  6
7.290041859969779 0.3868568473312561  30
9.026886478263682 0.38054045613429227  40
6.362266987064886 0.8562932552388947  23
1.5210463345789436 0.4163268633894115  14
3.7449925645498423 0.4903331318066689  22
6.675181228740303 0.8103997088546733  22
4.381580144879024 0.1552958218356881  30
9.887732062099843 0.7112215558617433  40
10.064958102241976 0.43042832616472687  40
4.622885547681134 0.47219387382503664  22
9.811748584201437 0.12472534728776499  40
6.201384599845539 0.836551680060047  23
4.985531270141877 0.5100600939101482  22
2.841015912583592 0.07198915969738415  31
7.3231899605172455 0.4947271593817573  30
4.1259735475698225 0.6731768306849547  15
8.295356039927356 0.07923179307276823  40
4.538017730801656 0.8701970571122318  14
3.5741390923983967 0.4358913526631351  22
1.811934204626513 0.06774905040534317  15
5.066005765106535 0.2190631641938632  22
2.87738184366306 0.1916004274414951  23
8.751630217121093 0.7620930967045968  24
8.441103182400944 0.8953950319041093  23
5.329509748250102 0.05860553525411538  31
1.8789130133545253 0.5918118731554487  5
6.318314338687334 0.10024700852289692  40
6.702963853209117 0.8071745594060782  22
4.501969078286873 0.806597817064388  14
10.267625275807271 0.3528731177257785  40
4.305258978213052 0.26268412029022914  22
10.098132567554154 0.1417167144408247  40
7.347728996422429 0.2573783780904567  40
4.3675867061442695 0.21757063797275797  22
4.732585945059158 0.8198397317378686  14
4.359915374158687 0.875573758029656  14
7.111486375186038 0.6548928629668439  23
4.590210617201441 0.3726305974056712  23
4.246047906127043 0.889907547398613  14
4.91363763456903 0.6971968836844372  14
10.217680122114295 0.704674761247938  40
9.953233760969761 0.13295925965036334  40
8.691989803092074 0.2912960791338647  40
1.5918588688795368 0.823147852111638  5
2.1630461167748245 0.6848329788194354  6
7.605538514640768 0.06619651245268526  40
7.746936879410168 0.07157074478379379  40
7.217595698761305 0.7832436735389945  22
1.2173650096859407 0.3699776201534655  15
7.609439068560904 0.24124419673011457  40
8.038167837977543 0.5663247560987504  30
6.317414292938159 0.15303899107892732  40
2.7870166479948577 0.8538957112220765  16
5.889509316917444 0.7038761242148697  16
7.89733430599028 0.7623710973549699  22
4.0337133473597175 0.19418979166248249  23
3.6729911732178295 0.192535318755395  23
6.316556553745898 0.5387289238663246  31
2.1059763214841336 0.716144946476895  6
4.603242597500373 0.602890520051386  22
4.114217668776975 0.18071773515393796  33
3.4393134984047933 0.8048180754729658  14
1.5243615384654219 0.17512482964757484  16
2.5297490081804117 0.7068270476097637  16
9.385807030005251 0.2220691679207762  40
4.030530096593612 0.7566830015225674  14
5.573324269202611 0.3781990933234782  23
2.290209649558826 0.24917665399519576  16
2.8836550228162987 0.7627262647179823  15
7.23197938028465 0.4372692856989406  30
9.926732465149108 0.38321571520872  40
1.266985173472904 0.3735283257061358  15
6.498714734327132 0.15363564211415115  40
1.3518717461765137 0.5511500681749489  4
9.066363134981 0.6637676558666041  40
2.501334986866081 0.6428872320002892  24
2.8648569596152464 0.5524385919750013  23
4.065234383292273 0.5553388455328788  22
1.7739031724307228 0.5739762374534592  5
3.2671863037515627 0.6763132111287028  15
2.196299062353196 0.11212106200594227  16
6.9696978108128045 0.3615147290345059  31
3.6754905446349224 0.46584349374870965  22
7.404279115857667 0.0795905121824442  40
5.910089952421649 0.5185925646390809  24
2.924835238847699 0.26193315471022915  23
6.943636194281169 0.6280057864658442  31
10.01738676422546 0.6499066791869912  40
2.1822531758343846 0.11301253244273465  16
9.814725692527254 0.47004322094880197  40
10.226821139237629 0.09594613786473524  40
8.301227317140183 0.6996158042606312  23
7.383627699048989 0.13889424283356616  40
4.981377749017295 0.2596693117844898  22
10.125748558203396 0.646552203426444  40
10.057065072831346 0.25380354262931604  40
7.4790214644871105 0.7293975202870541  22
4.6239071479695095 0.37635837840230274  23
10.237971333169273 0.7200916028366442  40
9.425671289756492 0.7535331940606625  40
4.989478781972208 0.09655410701772935  30
6.979276710389751 0.49903028762058654  30
3.553056157168687 0.5300459974451504  22
6.82658084537926 0.7494470377681433  22
5.380420343991422 0.3361773949467481  24
9.290779102920029 0.7480872254682847  40
1.8961090680157886 0.3480321734997647  16
3.3164802460670213 0.5293457045723362  22
9.206085860023167 0.0813423655671639  40
1.28424688373985 0.6120525483114954  4
3.4783784266358686 0.5321253165874371  22
4.760266391834266 0.571467130422637  22
3.077818758269383 0.25290560502186943  23
6.751575776490856 0.2559657489639058  40
9.890621351723533 0.24892273918591346  40
3.6619051373186875 0.5339430456743227  22
6.943652433118209 0.8740530680074072  22
10.1738500561385 0.30272242634629987  40
1.7617307928292147 0.24914189185725963  15
2.827463037823189 0.7665611220999439  15
9.793422242587514 0.09788799649350735  40
10.150131699695295 0.363943972074326  40
6.362529092068685 0.4778175550899359  31
8.89058452626198 0.7105562050436279  40
4.0326421386215365 0.8051880009947859  14
5.32639147904224 0.4504045654302227  23
5.132591094063924 0.7496517666162693  14
10.01721853511396 0.8015834166657433  40
9.831572502873756 0.8329695675866376  40
9.39643864294349 0.6234171168747621  40
9.808001462144507 0.7902860661028585  40
6.835321718336891 0.075891763742854  40
2.780037761874808 0.2562013646932597  24
8.664198086049442 0.08749120500641848  40
6.252451404702135 0.8671772331955175  23
3.938321023939417 0.34974812968562513  24
8.008907718457198 0.22901490145949305  40
1.806049593626431 0.329714873867067  16
6.855475761739799 0.09283798349214306  40
10.013727721873591 0.5877496691109054  40
1.9205083448909566 0.5160954912926282  15
7.641138784890442 0.16905841317768702  40
7.759744480722737 0.8149958655985193  22
6.4756795386082855 0.29255712591050503  40
8.608304238597544 0.4909759482030451  32
4.033898282016167 0.6031198957539164  22
4.963666305929385 0.37799002965761647  23
8.749578368385162 0.1290516470119335  40
9.755541782298033 0.3982513638972597  40
3.20820801886847 0.5662145686111574  22
3.5905400175754454 0.23658805263111263  22
1.46381417473902 0.1104708483296111  14
8.790158668518027 0.5125470221705181  32
7.945820172736418 0.23435805015826291  40
7.419812785608588 0.8088902446275158  22
7.9933896805029 0.49574606628873374  30
7.658945478467355 0.6140472180741282  31
6.698276179542736 0.8124316281687938  22
2.4510908338505306 0.8900908229118963  6
8.99660793574667 0.2257700858584553  40
8.388435963416226 0.6971293449482584  23
4.5273831011810435 0.4429723704521074  22
3.4426688131476006 0.8527778311491838  14
4.810463293724615 0.33133251070441067  24
8.63836614608606 0.8050521557775658  24
8.477609719663672 0.4561750454206305  31
1.464420554152139 0.33229591101631567  16
1.7207797060433987 0.25735133080265954  15
6.670090612240079 0.09383464708685044  40
2.513907937711692 0.7018534501621116  16
1.088723068852109 0.04878086543777333  14
8.133413140061863 0.6780751567280843  23
8.30875097383698 0.1749084821298237  40
10.244193582955914 0.8137910743620059  40
6.749191111447882 0.8636279358185204  22
1.837177962226781 0.3472799344560854  16
2.039649390871031 0.7068803678256136  5
9.253693429041526 0.6666392770384797  40
7.912128981290368 0.10146550027869791  40
4.8991443320604455 0.7998687278836649  14
3.6674396037887385 0.8629638825321092  14
5.055479649707319 0.4085389775417498  22
4.707893952778756 0.36308540214482754  23
9.514358103123792 0.08287221896041294  40
1.6229226800189283 0.6001698739555843  5
8.824564845004826 0.30701780676606727  40
9.651864286272199 0.5372331417701033  40
4.00588081615958 0.06698899255053672  30
5.835970468336838 0.7430858191841246  16
6.27163560875777 0.33220486110766834  32